1750089032295 0.9953642214627911 0
1750089037245 0.9960434833189145 1
1750089042438 0.9979473464729526 2
1750089047645 0.9976756857582995 3
1750089052738 0.9969129336627088 4
1750089057969 0.9966443553636805 5
1750089063229 0.9972074515111482 6
1750089068543 0.9983960313477009 7
1750089073630 0.9997145747572768 8
1750089078896 0.9999736366517369 9
1750089084097 0.9997935543193952 10
1750089089308 0.999894265366142 11
1750089094464 0.9999859623839463 12
1750089099537 0.9997498422989753 13
1750089104450 0.9994924360970012 14
1750089109374 0.9993239260914808 15
1750089114284 0.9995540494418375 16
1750089119428 0.9997743739882242 17
1750089125002 0.999994257303461 18
1750089130167 0.9997614918039046 19
