1750089032293 0.9952333011223204 0
1750089037243 0.9938523056865649 1
1750089042436 0.9762007915457775 2
1750089047643 0.9616346976529156 3
1750089052737 0.9218288643431924 4
1750089057968 0.863151234423614 5
1750089063227 0.7932198757666143 6
1750089068541 0.7306122125184802 7
1750089073628 0.6790413539150463 8
1750089078894 0.7078312766035423 9
1750089084095 0.7388600357230941 10
1750089089306 0.7665645828800498 11
1750089094462 0.7808370410492289 12
1750089099535 0.7756262485977699 13
1750089104448 0.7577023971779877 14
1750089109372 0.7241789689980446 15
1750089114282 0.6884395935900622 16
1750089119426 0.6602669921773208 17
1750089125000 0.6598553679842463 18
1750089130164 0.6852367816652085 19
