1750089032291 0.0 0
1750089037241 0.13157894736842105 1
1750089042434 0.2631578947368421 2
1750089047641 0.39473684210526316 3
1750089052735 0.5263157894736842 4
1750089057966 0.6578947368421052 5
1750089063224 0.7894736842105263 6
1750089068539 0.9210526315789473 7
1750089073626 1.0526315789473684 8
1750089078892 1.1842105263157894 9
1750089084093 1.3157894736842104 10
1750089089304 1.4473684210526314 11
1750089094460 1.5789473684210527 12
1750089099533 1.7105263157894737 13
1750089104446 1.8421052631578947 14
1750089109370 1.9736842105263157 15
1750089114280 2.1052631578947367 16
1750089119424 2.236842105263158 17
1750089124998 2.3684210526315788 18
1750089130162 2.5 19
