1750089032297 3.7086228297670933 0
1750089037247 3.1652133448684334 1
1750089042440 1.6421228216379367 2
1750089047646 1.8594513933604335 3
1750089052740 2.469653069832933 4
1750089057971 2.6845157090556344 5
1750089063231 2.234038791081438 6
1750089068546 1.2831749218392472 7
1750089073632 0.22834019417858892 8
1750089078898 0.021090678610491406 9
1750089084099 0.1651565444838354 10
1750089089310 0.08458770708639206 11
1750089094466 0.011230092842939852 12
1750089099539 0.20012616081972465 13
1750089104452 0.40605112239902036 14
1750089109376 0.5408591268153627 15
1750089114286 0.3567604465300355 16
1750089119431 0.18050080942062505 17
1750089125004 0.004594157231174733 18
1750089130169 0.19080655687631062 19
