1750089032299 3.813359102143642 0
1750089037249 4.918155450748073 1
1750089042441 19.03936676337796 2
1750089047648 30.692241877667474 3
1750089052742 62.53690852544603 4
1750089057973 109.47901246110881 5
1750089063234 165.4240993867085 6
1750089068548 215.5102299852158 7
1750089073634 256.76691686796295 8
1750089078900 233.73497871716614 9
1750089084101 208.91197142152467 10
1750089089312 186.74833369596013 11
1750089094468 175.33036716061685 12
1750089099540 179.4990011217841 13
1750089104454 193.83808225760978 14
1750089109378 220.6568248015643 15
1750089114287 249.24832512795015 16
1750089119433 271.78640625814336 17
1750089125006 272.11570561260294 18
1750089130171 251.81057466783315 19
