1750155709437 1.7063175237212114e-09 0
1750155880086 0.004068395680252112 1
1750156027751 0.019781148578231957 2
1750156205311 0.05672841209525222 3
1750156367309 0.1197748695720532 4
1750156451135 0.2031407575455835 5
1750156487754 0.29460835358016174 6
1750156527544 0.3817423674420483 7
1750156570492 0.4545372806101741 8
1750156611058 0.5042348841323527 9
1750156655292 0.5235608862700194 10
1750156692463 0.5135016985267706 11
1750156730484 0.48684367373595955 12
1750156769491 0.45925019483192653 13
1750156813811 0.4416109700022194 14
1750156969931 0.43870190921541813 15
1750157050382 0.45018239558130907 16
1750157086286 0.47222329336041075 17
1750157124193 0.49918448176587704 18
1750157161081 0.5249466189517181 19
