1750155709452 0.9737753638036726 0
1750155880100 0.9728491299034128 1
1750156027775 0.9712559755378549 2
1750156205334 0.9695161565296201 3
1750156367346 0.9678760714349618 4
1750156451148 0.9661746201608021 5
1750156487767 0.9640488742994986 6
1750156527558 0.9612974286080272 7
1750156570505 0.9581429712290417 8
1750156611073 0.9551826961774871 9
1750156655306 0.9530221597539128 10
1750156692477 0.9518973358471324 11
1750156730498 0.9516332921376716 12
1750156769506 0.9519406048757288 13
1750156813828 0.9526734801490069 14
1750156969959 0.9537313637375375 15
1750157050397 0.9548335380623238 16
1750157086302 0.9555929019964443 17
1750157124209 0.9557761064978267 18
1750157161097 0.9554041690539293 19
