1750155709422 0.9868005694179917 0
1750155880064 0.9846895473196551 1
1750156027727 0.9713183486661076 2
1750156205272 0.9354614190452762 3
1750156367273 0.8732379521245638 4
1750156451122 0.7909000581204023 5
1750156487741 0.7006238455911238 6
1750156527530 0.6146891981917634 7
1750156570478 0.5430412976219919 8
1750156611042 0.4944316298509039 9
1750156655278 0.47595668508494277 10
1750156692448 0.4863963889770748 11
1750156730469 0.5131227441062073 12
1750156769474 0.5406720854845836 13
1750156813792 0.5581372404526987 14
1750156969903 0.5607449731838055 15
1750157050366 0.5489576061298098 16
1750157086270 0.5267436610754694 17
1750157124177 0.49980269251561815 18
1750157161065 0.4742270618340186 19
