1750155709444 0.9868005810751749 0
1750155880093 0.9866900014823787 1
1750156027763 0.9866057358171286 2
1750156205325 0.9865639142556327 3
1750156367327 0.9865787299456185 4
1750156451141 0.9863308725711559 5
1750156487761 0.9856396172529873 6
1750156527551 0.9843816160798862 7
1750156570499 0.9825328969996501 8
1750156611066 0.980884518971538 9
1750156655299 0.9795065769487745 10
1750156692470 0.9784827896632492 11
1750156730491 0.9781282209962803 12
1750156769498 0.9783116710782412 13
1750156813819 0.9790130391863218 14
1750156969945 0.9796499211934876 15
1750157050389 0.9803754053273858 16
1750157086294 0.9808547936898127 17
1750157124201 0.9810543185078279 18
1750157161089 0.9808348553040402 19
