1750155709429 0.9868005711243092 0
1750155880078 0.9887579429999072 1
1750156027738 0.9910994972443395 2
1750156205290 0.9921898311405285 3
1750156367288 0.993012821696617 4
1750156451129 0.9940408156659858 5
1750156487747 0.9952321991712856 6
1750156527537 0.9964315656338116 7
1750156570485 0.997578578232166 8
1750156611050 0.9986665139832567 9
1750156655284 0.9995175713549622 10
1750156692456 0.9998980875038455 11
1750156730476 0.9999664178421668 12
1750156769482 0.9999222803165101 13
1750156813802 0.9997482104549181 14
1750156969917 0.9994468823992235 15
1750157050374 0.9991400017111189 16
1750157086278 0.9989669544358801 17
1750157124185 0.9989871742814952 18
1750157161073 0.9991736807857368 19
