1750155709492 10.559543100552647 0
1750155880151 8.993645600074272 1
1750156027822 7.1204022045283635 2
1750156205392 6.248135087577199 3
1750156367423 5.589742642706418 4
1750156451191 4.767347467211368 5
1750156487812 3.814240662971535 6
1750156527604 2.854747492950693 7
1750156570551 1.937137414267198 8
1750156611122 1.0667888133946588 9
1750156655351 0.38594291603022407 10
1750156692523 0.08152999692363493 11
1750156730545 0.026865726266578346 12
1750156769552 0.06217574679192594 13
1750156813902 0.2014316360654966 14
1750156970006 0.44249408062118073 15
1750157050444 0.6879986311048468 16
1750157086350 0.8264364512958976 17
1750157124257 0.8102605748038448 18
1750157161146 0.6610553714105903 19
