1750155709412 0.0 0
1750155880045 0.13157894736842105 1
1750156027712 0.2631578947368421 2
1750156205250 0.39473684210526316 3
1750156367253 0.5263157894736842 4
1750156451116 0.6578947368421052 5
1750156487734 0.7894736842105263 6
1750156527522 0.9210526315789473 7
1750156570471 1.0526315789473684 8
1750156611034 1.1842105263157894 9
1750156655270 1.3157894736842104 10
1750156692441 1.4473684210526314 11
1750156730462 1.5789473684210527 12
1750156769465 1.7105263157894737 13
1750156813782 1.8421052631578947 14
1750156969884 1.9736842105263157 15
1750157050358 2.1052631578947367 16
1750157086260 2.236842105263158 17
1750157124169 2.3684210526315788 18
1750157161057 2.5 19
