1750155880159 12.248362092263852 1
1750156027828 22.9453104362884 2
1750156205400 51.63085372736606 3
1750156367432 101.40963829392973 4
1750156451196 167.27995332866382 5
1750156487816 239.50092352256635 6
1750156527609 308.24864142375634 7
1750156570556 365.5669609958449 8
1750156611128 404.45469310528597 9
1750156655355 419.234651842761 10
1750156692527 410.8828857533696 11
1750156730549 389.50180463995264 12
1750156769557 367.46233117009376 13
1750156813911 353.49020705800467 14
1750156970013 351.40402123927964 15
1750157050449 360.83391431649363 16
1750157086354 378.60507112306624 17
1750157124261 400.1578417711291 18
1750157161150 420.61835052388966 19
