1750155880168 -1.6015189675360614e-05 1
1750156027834 2.1385097269025128e-07 2
1750156205409 -8.602827800809804e-08 3
1750156367441 6.825707811996403e-06 4
1750156451200 9.231710736809687e-06 5
1750156487821 6.015618889651159e-06 6
1750156527613 4.8484100852705085e-06 7
1750156570560 9.065660364212831e-07 8
1750156611132 3.474506870883684e-08 9
1750156655359 -8.928858025863457e-08 10
1750156692531 -9.230429732868086e-08 11
1750156730552 -5.808515218894049e-06 12
1750156769561 3.922644103300271e-06 13
1750156813922 -5.79840249122522e-07 14
1750156970020 3.7641818579057442e-06 15
1750157050453 -7.796622740637391e-07 16
1750157086358 4.000732498305471e-06 17
1750157124265 -1.6429973577352093e-08 18
1750157161154 -3.142212278254286e-06 19
