1750155709460 10.559543100552647 0
1750155880107 8.993645600074272 1
1750156027787 7.1204022045283635 2
1750156205342 6.248135087577199 3
1750156367362 5.589742642706418 4
1750156451154 4.767347467211368 5
1750156487774 3.814240662971535 6
1750156527565 2.854747492950693 7
1750156570512 1.937137414267198 8
1750156611081 1.0667888133946588 9
1750156655312 0.38594291603022407 10
1750156692484 0.08152999692363493 11
1750156730505 0.026865726266578346 12
1750156769513 0.06217574679192594 13
1750156813837 0.2014316360654966 14
1750156969965 0.44249408062118073 15
1750157050404 0.6879986311048468 16
1750157086310 0.8264364512958976 17
1750157124216 0.8102605748038448 18
1750157161105 0.6610553714105903 19
