1750155709475 10.559535139860097 0
1750155880121 10.64799881409699 1
1750156027800 10.71541134629708 2
1750156205359 10.748868595493843 3
1750156367391 10.737016043505248 4
1750156451166 10.935301943075267 5
1750156487787 11.488306197610148 6
1750156527579 12.494707136091035 7
1750156570526 13.97368240027996 8
1750156611097 15.292384822769524 9
1750156655326 16.394738440980355 10
1750156692498 17.21376826940061 11
1750156730519 17.497423202975753 12
1750156769528 17.350663137407032 13
1750156813861 16.78956865094256 14
1750156969978 16.280063045209953 15
1750157050419 15.699675738091404 16
1750157086325 15.316165048149902 17
1750157124232 15.156545193737687 18
1750157161120 15.332115756767799 19
