1750155709488 10.559544465606672 0
1750155880135 12.248362092263852 1
1750156027812 22.9453104362884 2
1750156205375 51.63085372736606 3
1750156367405 101.40963829392973 4
1750156451179 167.27995332866382 5
1750156487800 239.50092352256635 6
1750156527593 308.24864142375634 7
1750156570539 365.5669609958449 8
1750156611111 404.45469310528597 9
1750156655340 419.234651842761 10
1750156692511 410.8828857533696 11
1750156730534 389.50180463995264 12
1750156769542 367.46233117009376 13
1750156813882 353.49020705800467 14
1750156969992 351.40402123927964 15
1750157050434 360.83391431649363 16
1750157086340 378.60507112306624 17
1750157124246 400.1578417711291 18
1750157161136 420.61835052388966 19
