1750155880143 -1.6015189675360614e-05 1
1750156027817 2.1385097269025128e-07 2
1750156205383 -8.602827800809804e-08 3
1750156367414 6.825707811996403e-06 4
1750156451185 9.231710736809687e-06 5
1750156487806 6.015618889651159e-06 6
1750156527599 4.8484100852705085e-06 7
1750156570546 9.065660364212831e-07 8
1750156611117 3.474506870883684e-08 9
1750156655346 -8.928858025863457e-08 10
1750156692518 -9.230429732868086e-08 11
1750156730540 -5.808515218894049e-06 12
1750156769547 3.922644103300271e-06 13
1750156813890 -5.79840249122522e-07 14
1750156969999 3.7641818579057442e-06 15
1750157050439 -7.796622740637391e-07 16
1750157086345 4.000732498305471e-06 17
1750157124252 -1.6429973577352093e-08 18
1750157161141 -3.142212278254286e-06 19
