1750155709500 0.986800569417991 0
1750155880176 0.9863310828310679 1
1750156027839 0.9855230642053124 2
1750156205418 0.9846399184190856 3
1750156367450 0.983806671533804 4
1750156451204 0.9829415287694863 5
1750156487826 0.9818595922326713 6
1750156527618 0.9804574552523132 7
1750156570564 0.978847475523138 8
1750156611136 0.9773341908831907 9
1750156655363 0.9762282794392277 10
1750156692535 0.9756520231913604 11
1750156730556 0.9755167033444854 12
1750156769564 0.9756742091968612 13
1750156813931 0.9760496885389656 14
1750156970027 0.976591441585015 15
1750157050457 0.9771555610193128 16
1750157086362 0.9775440534445154 17
1750157124268 0.9776377533880941 18
1750157161158 0.9774475166293104 19
