1750155709467 10.559544465606672 0
1750155880114 12.248362144275935 1
1750156027792 22.94532106711395 2
1750156205350 51.630864763778995 3
1750156367376 101.40963830034894 4
1750156451160 167.27995350367812 5
1750156487780 239.50092352710092 6
1750156527572 308.24864144658926 7
1750156570519 365.5669619024064 8
1750156611089 404.4546961192768 9
1750156655319 419.23465193204567 10
1750156692491 410.88288881834006 11
1750156730512 389.5018047150341 12
1750156769521 367.46233161233306 13
1750156813850 353.4902076378409 14
1750156969972 351.4040214529556 15
1750157050412 360.83391509615205 16
1750157086318 378.6050711396244 17
1750157124224 400.1578459875054 18
1750157161112 420.6183505327851 19
