1750164254599 0.0 0
1750164263314 0.0 1
1750164272550 0.0 2
1750164281555 0.0 3
1750164292320 0.0 4
1750164301906 0.0 5
1750164311843 1.7873405364943987e-09 6
1750164321464 0.0 7
1750164330765 2.9025128012925576e-09 8
1750164340002 0.0 9
1750164349278 7.126630660685921e-09 10
1750164358740 4.910536874168387e-10 11
1750164368265 0.0 12
1750164377873 2.3587771635223155e-09 13
1750164387807 0.0 14
1750164397614 5.813985068623434e-09 15
1750164407579 6.7395293455780306e-09 16
1750164417712 4.150365532976112e-09 17
1750164428302 0.0 18
1750164438576 0.0 19
