1750164254596 0.9868184728397429 0
1750164263309 0.9865666545238541 1
1750164272545 0.9860903567753905 2
1750164281550 0.985453920911999 3
1750164292315 0.9846422619927967 4
1750164301900 0.9835527476349214 5
1750164311838 0.9820719225289017 6
1750164321458 0.980183133119322 7
1750164330759 0.9780328921817963 8
1750164339996 0.9759009215996136 9
1750164349272 0.9740769604902295 10
1750164358734 0.9727308235558295 11
1750164368259 0.9718765261183988 12
1750164377867 0.9714386656036401 13
1750164387800 0.9713269056641399 14
1750164397607 0.9714328145955227 15
1750164407572 0.9715989972082949 16
1750164417705 0.9716604190526419 17
1750164428294 0.9715226356914456 18
1750164438568 0.9711879956044721 19
