1750164254588 0.9868184728397429 0
1750164263304 0.9865666545238541 1
1750164272540 0.9860903567753905 2
1750164281544 0.985453920911999 3
1750164292309 0.9846422619927967 4
1750164301894 0.9835527476349214 5
1750164311833 0.9820719207415612 6
1750164321451 0.980183133119322 7
1750164330753 0.9780328892792836 8
1750164339990 0.9759009215996136 9
1750164349266 0.9740769533635989 10
1750164358728 0.9727308230647759 11
1750164368252 0.9718765261183988 12
1750164377860 0.9714386632448629 13
1750164387794 0.9713269056641399 14
1750164397600 0.9714328087815376 15
1750164407565 0.9715989904687655 16
1750164417697 0.9716604149022764 17
1750164428286 0.9715226356914456 18
1750164438561 0.9711879956044721 19
