1750164254607 0.973810698337763 0
1750164263323 0.9733138914214754 1
1750164272560 0.9723744523566529 2
1750164281566 0.9711198508784443 3
1750164292332 0.9695209422439386 4
1750164301917 0.9673766922936832 5
1750164311854 0.9644659885343053 6
1750164321476 0.9607597241961694 7
1750164330777 0.9565490821464264 8
1750164340014 0.952383338375933 9
1750164349291 0.9488265790747464 10
1750164358753 0.9462059066824964 11
1750164368278 0.9445446078701406 12
1750164377887 0.9436937359021444 13
1750164387821 0.9434766539208816 14
1750164397628 0.9436823990549782 15
1750164407594 0.9440052751502194 16
1750164417727 0.9441246500435644 17
1750164428317 0.9438569204002398 18
1750164438592 0.9432068447796275 19
