1750164254603 0.9868184598800378 0
1750164263318 0.9868993779659069 1
1750164272555 0.9871947254692592 2
1750164281560 0.98737637478857 3
1750164292326 0.9875459916334026 4
1750164301911 0.9875345134588241 5
1750164311849 0.9866521878056854 6
1750164321469 0.9850205464819801 7
1750164330771 0.9830163778770411 8
1750164340008 0.9806040866529129 9
1750164349284 0.9784732049428974 10
1750164358747 0.9767886669209516 11
1750164368272 0.9756180765740556 12
1750164377880 0.9752687768710305 13
1750164387814 0.9753610038944389 14
1750164397621 0.9756090377082417 15
1750164407587 0.9759145940187397 16
1750164417719 0.9761220165974495 17
1750164428310 0.9760608150237422 18
1750164438584 0.9759258809551042 19
