1750164254632 10.545221728205687 0
1750164263352 10.746676380916751 1
1750164272589 11.127714579687618 2
1750164281598 11.636863270400786 3
1750164292366 12.28619040576264 4
1750164301950 13.15780189206288 5
1750164311886 14.342461976878605 6
1750164321512 15.853493504542367 7
1750164330814 17.573686254562922 8
1750164340049 19.279262720309106 9
1750164349328 20.738431607816384 10
1750164358791 21.815341155336384 11
1750164368317 22.49877910528095 12
1750164377926 22.849067517087903 13
1750164387862 22.938475468688054 14
1750164397670 22.853748323581865 15
1750164407637 22.720802233364076 16
1750164417770 22.671664757886486 17
1750164428361 22.781891446843524 18
1750164438637 23.04960351642231 19
