1750164254584 0.0 0
1750164263300 0.13157894736842105 1
1750164272535 0.2631578947368421 2
1750164281538 0.39473684210526316 3
1750164292303 0.5263157894736842 4
1750164301888 0.6578947368421052 5
1750164311827 0.7894736842105263 6
1750164321445 0.9210526315789473 7
1750164330746 1.0526315789473684 8
1750164339983 1.1842105263157894 9
1750164349259 1.3157894736842104 10
1750164358721 1.4473684210526314 11
1750164368245 1.5789473684210527 12
1750164377853 1.7105263157894737 13
1750164387786 1.8421052631578947 14
1750164397593 1.9736842105263157 15
1750164407557 2.1052631578947367 16
1750164417690 2.236842105263158 17
1750164428278 2.3684210526315788 18
1750164438553 2.5 19
