1750164254637 10.545221728205421 0
1750164263357 10.746676380916751 1
1750164272594 11.127714579653246 2
1750164281603 11.636863270400786 3
1750164292372 12.28619040576264 4
1750164301955 13.15780189206288 5
1750164311891 14.342463406751001 6
1750164321518 15.853493504542367 7
1750164330820 17.57368857657315 8
1750164340055 19.279262720309106 9
1750164349334 20.73843730912088 10
1750164358797 21.815341548179298 11
1750164368323 22.49877910528095 12
1750164377933 22.849069404109642 13
1750164387868 22.938475468688054 14
1750164397675 22.85375297476992 15
1750164407642 22.72080762498758 16
1750164417775 22.671668078178882 17
1750164428366 22.781891446843524 18
1750164438642 23.04960351642231 19
