1750164254650 1.0 0
1750164263372 0.9994455487692727 1
1750164272614 0.9920200018156013 2
1750164281620 0.9660035323114932 3
1750164292387 0.9148776140572135 4
1750164301971 0.8435425576307787 5
1750164311907 0.7650849684775681 6
1750164321532 0.6929651881979146 7
1750164330834 0.6360099046269181 8
1750164340070 0.5983418728023502 9
1750164349348 0.5809849691191822 10
1750164358811 0.5820560767253036 11
1750164368337 0.5960867764191636 12
1750164377946 0.6147564308590169 13
1750164387881 0.629618507096514 14
1750164397688 0.6351212464042412 15
1750164407655 0.6300119113729131 16
1750164417787 0.6167025143074727 17
1750164428379 0.5994998945562043 18
1750164438655 0.5828435511191126 19
