1750164254620 10.545232095969757 0
1750164263337 10.480497627274513 1
1750164272574 10.244219624592569 2
1750164281582 10.098900169144025 3
1750164292349 9.963206693277893 4
1750164301934 9.972389232940653 5
1750164311870 10.678249755451644 6
1750164321494 11.983562814415873 7
1750164330796 13.586897698367155 8
1750164340032 15.516730677669708 9
1750164349309 17.221436045682086 10
1750164358772 18.569066463238734 11
1750164368297 19.505538740755522 12
1750164377907 19.78497850317554 13
1750164387841 19.71119688444889 14
1750164397649 19.512769833406654 15
1750164407616 19.268324785008264 16
1750164417748 19.1023867220404 17
1750164428340 19.15134798100625 18
1750164438615 19.259295235916646 19
