1750164254628 10.545221728205421 0
1750164263348 10.74667638103781 1
1750164272584 11.127714579653246 2
1750164281592 11.636863270404872 3
1750164292361 12.286190405770812 4
1750164301945 13.157801892066876 5
1750164311880 14.342463406756421 6
1750164321506 15.853493504549652 7
1750164330808 17.57368857658079 8
1750164340043 19.279262720314613 9
1750164349321 20.73843730912976 10
1750164358785 21.815341548185426 11
1750164368310 22.498779105288143 12
1750164377920 22.849069404116303 13
1750164387855 22.938475468694094 14
1750164397663 22.85375297477605 15
1750164407630 22.720807624994418 16
1750164417763 22.671668078181902 17
1750164428356 22.781891446851606 18
1750164438631 23.049603516427727 19
