1750164254641 0.9868184728397439 0
1750164263362 0.9865666545238556 1
1750164272599 0.9860903567753915 2
1750164281609 0.9854539209119989 3
1750164292378 0.9846422619927961 4
1750164301961 0.9835527476349243 5
1750164311897 0.9820719207415619 6
1750164321524 0.9801831331193207 7
1750164330826 0.9780328892792848 8
1750164340061 0.9759009215996138 9
1750164349339 0.9740769533635985 10
1750164358802 0.9727308230647763 11
1750164368328 0.9718765261183989 12
1750164377938 0.9714386632448625 13
1750164387873 0.9713269056641377 14
1750164397680 0.9714328087815384 15
1750164407647 0.9715989904687662 16
1750164417779 0.9716604149022795 17
1750164428371 0.9715226356914461 18
1750164438647 0.9711879956044706 19
