1750164254616 10.545221728205687 0
1750164263332 10.746676380916751 1
1750164272569 11.127714579687618 2
1750164281576 11.636863270400786 3
1750164292344 12.28619040576264 4
1750164301928 13.15780189206288 5
1750164311864 14.342463406751001 6
1750164321488 15.853493504542367 7
1750164330790 17.57368857657315 8
1750164340026 19.279262720309106 9
1750164349303 20.73843730912088 10
1750164358766 21.815341548179298 11
1750164368291 22.49877910528095 12
1750164377900 22.849069404109642 13
1750164387834 22.938475468688054 14
1750164397642 22.85375297476992 15
1750164407608 22.72080762498758 16
1750164417741 22.671668078178882 17
1750164428333 22.781891446843524 18
1750164438607 23.04960351642231 19
