1750164038320 0.0 0
1750164046054 0.0 1
1750164054438 0.0 2
1750164062246 0.0 3
1750164070192 0.0 4
1750164078122 0.0 5
1750164087230 5.81839858525363e-09 6
1750164095279 4.8054498396297104e-09 7
1750164103239 3.6125624094624488e-09 8
1750164111543 0.0 9
1750164120251 0.0 10
1750164128351 0.0 11
1750164136635 0.0 12
1750164145422 0.0 13
1750164153866 2.3183727381349872e-09 14
1750164164227 6.54668935166735e-09 15
1750164172896 6.5667667520135175e-09 16
1750164181491 0.0 17
1750164190414 0.0 18
1750164199160 0.0 19
