1750164038323 0.9868191544892304 0
1750164046058 0.9868945481165532 1
1750164054443 0.9870780495533471 2
1750164062250 0.9871461747136473 3
1750164070196 0.9872010074693278 4
1750164078127 0.9869314837239239 5
1750164087234 0.9857877430678487 6
1750164095284 0.9840483161643026 7
1750164103244 0.9819602953057742 8
1750164111548 0.9795209205983292 9
1750164120256 0.9773274541697689 10
1750164128356 0.9755003091060709 11
1750164136642 0.9745308659771749 12
1750164145427 0.974644952075725 13
1750164153871 0.9750714821622218 14
1750164164233 0.9755562322449165 15
1750164172902 0.9761345801317142 16
1750164181497 0.9765039273807793 17
1750164190420 0.9767920077707433 18
1750164199166 0.9764739265340826 19
