1750164038327 0.9738120426177456 0
1750164046062 0.9733726730395166 1
1750164054447 0.9725121913981395 2
1750164062254 0.9712858177269185 3
1750164070201 0.9696070960883919 4
1750164078133 0.9672698520092236 5
1750164087239 0.9640994976252998 6
1750164095288 0.9601210465273148 7
1750164103249 0.9556466197125417 8
1750164111553 0.9512353926801106 9
1750164120260 0.9475195373424564 10
1750164128361 0.9449574908666863 11
1750164136647 0.9436607040860379 12
1750164145433 0.9434134267954208 13
1750164153877 0.943846198943404 14
1750164164238 0.9445910685409797 15
1750164172908 0.9453259786992851 16
1750164181503 0.9457829024745015 17
1750164190426 0.9457928642565487 18
1750164199173 0.9453261852273124 19
