1750164038317 0.9868191539576764 0
1750164046051 0.9865964437126313 1
1750164054434 0.9861601932388494 2
1750164062241 0.985538115947672 3
1750164070187 0.9846859983436884 4
1750164078118 0.9834984403125266 5
1750164087225 0.9818853087695069 6
1750164095274 0.9798572881966431 7
1750164103235 0.977571405487238 8
1750164111538 0.975312586381216 9
1750164120246 0.9734057907624373 10
1750164128346 0.9720889151731614 11
1750164136628 0.9714216571573716 12
1750164145417 0.9712943767415233 13
1750164153861 0.9715171229378404 14
1750164164221 0.9719004174429213 15
1750164172891 0.972278399699252 16
1750164181485 0.9725133294807022 17
1750164190407 0.9725184373122776 18
1750164199154 0.9722784955021286 19
