1750164038313 0.9868191539576764 0
1750164046047 0.9865964437126313 1
1750164054430 0.9861601932388494 2
1750164062237 0.985538115947672 3
1750164070183 0.9846859983436884 4
1750164078113 0.9834984403125266 5
1750164087221 0.9818853029511083 6
1750164095270 0.9798572833911933 7
1750164103230 0.9775714018746756 8
1750164111533 0.975312586381216 9
1750164120241 0.9734057907624373 10
1750164128341 0.9720889151731614 11
1750164136623 0.9714216571573716 12
1750164145411 0.9712943767415233 13
1750164153855 0.9715171206194677 14
1750164164215 0.971900410896232 15
1750164172885 0.9722783931324852 16
1750164181479 0.9725133294807022 17
1750164190401 0.9725184373122776 18
1750164199148 0.9722784955021286 19
