1750164038349 10.544676833858889 0
1750164046084 10.722845029894932 1
1750164054473 11.071845408920476 2
1750164062279 11.569507241862363 3
1750164070227 12.251201325049264 4
1750164078159 13.201247749978682 5
1750164087267 14.49175298439451 6
1750164095316 16.11416944268553 7
1750164103277 17.942875610209615 8
1750164111583 19.74993089502721 9
1750164120289 21.275367390050178 10
1750164128391 22.328867861470854 11
1750164136678 22.86267427410271 12
1750164145464 22.964498606781355 13
1750164153909 22.786301649727655 14
1750164164272 22.479666045662935 15
1750164172942 22.177280240598392 16
1750164181539 21.989336415438206 17
1750164190462 21.98525015017791 18
1750164199209 22.177203598297087 19
