1750164038310 0.0 0
1750164046043 0.13157894736842105 1
1750164054425 0.2631578947368421 2
1750164062232 0.39473684210526316 3
1750164070178 0.5263157894736842 4
1750164078108 0.6578947368421052 5
1750164087216 0.7894736842105263 6
1750164095265 0.9210526315789473 7
1750164103225 1.0526315789473684 8
1750164111528 1.1842105263157894 9
1750164120236 1.3157894736842104 10
1750164128336 1.4473684210526314 11
1750164136618 1.5789473684210527 12
1750164145406 1.7105263157894737 13
1750164153850 1.8421052631578947 14
1750164164209 1.9736842105263157 15
1750164172879 2.1052631578947367 16
1750164181473 2.236842105263158 17
1750164190395 2.3684210526315788 18
1750164199141 2.5 19
