1750164038353 10.544676833858356 0
1750164046088 10.722845029649351 1
1750164054477 11.071845408868695 2
1750164062284 11.569507241853659 3
1750164070232 12.251201325049175 4
1750164078164 13.201247749978682 5
1750164087271 14.491757639113342 6
1750164095321 16.114173287045382 7
1750164103282 17.942878500259503 8
1750164111588 19.74993089502721 9
1750164120294 21.275367390050178 10
1750164128396 22.328867861470854 11
1750164136683 22.86267427410271 12
1750164145469 22.964498606781355 13
1750164153914 22.786303504425828 14
1750164164277 22.479671283014376 15
1750164172948 22.17728549401183 16
1750164181544 21.989336415438206 17
1750164190468 21.98525015017791 18
1750164199215 22.177203598297087 19
