1750164038364 1.0 0
1750164046099 0.9995888136598872 1
1750164054492 0.9939896877206357 2
1750164062297 0.9737500208199252 3
1750164070245 0.9321063865699359 4
1750164078177 0.870532673605343 5
1750164087285 0.7983761810307641 6
1750164095335 0.7280970372550439 7
1750164103296 0.6702290193070901 8
1750164111603 0.6307757780589031 9
1750164120308 0.6109885608378827 10
1750164128411 0.6081966478214427 11
1750164136697 0.61688789518371 12
1750164145486 0.630075866059931 13
1750164153929 0.6410541454713214 14
1750164164292 0.6451404136973906 15
1750164172963 0.6407267024661683 16
1750164181559 0.6292275148458244 17
1750164190483 0.6140794837107042 18
1750164199229 0.5993392058734273 19
