1750164038337 10.54467640861567 0
1750164046073 10.484361506757482 1
1750164054460 10.337560357322308 2
1750164062267 10.283060229082187 3
1750164070214 10.239194024537714 4
1750164078146 10.454813020860884 5
1750164087252 11.369805545721054 6
1750164095302 12.761347068557987 7
1750164103263 14.431763755380583 8
1750164111568 16.383263521336644 9
1750164120275 18.138036664184874 10
1750164128376 19.599752715143328 11
1750164136663 20.375307218260122 12
1750164145448 20.28403833941996 13
1750164153893 19.94281427022255 14
1750164164255 19.555014204066808 15
1750164172925 19.0923358946287 16
1750164181521 18.796858095376525 17
1750164190444 18.566393783405402 18
1750164199191 18.820858772733907 19
