1750164038345 10.544676833858356 0
1750164046081 10.722845029649351 1
1750164054468 11.071845408868695 2
1750164062275 11.569507241853659 3
1750164070223 12.251201325049175 4
1750164078155 13.201247749985344 5
1750164087262 14.491757639120271 6
1750164095312 16.114173287052754 7
1750164103272 17.942878500264033 8
1750164111578 19.749930895032538 9
1750164120284 21.27536739005595 10
1750164128386 22.32886786147494 11
1750164136673 22.862674274108837 12
1750164145459 22.964498606785885 13
1750164153903 22.78630350443249 14
1750164164266 22.47967128302006 15
1750164172936 22.17728549401929 16
1750164181533 21.989336415444956 17
1750164190456 21.985250150185905 18
1750164199203 22.177203598301972 19
