1750164038356 0.9868191539576783 0
1750164046092 0.9865964437126313 1
1750164054481 0.9861601932388502 2
1750164062288 0.985538115947675 3
1750164070236 0.9846859983436914 4
1750164078168 0.9834984403125279 5
1750164087276 0.9818853029511113 6
1750164095326 0.9798572833911939 7
1750164103287 0.9775714018746796 8
1750164111593 0.9753125863812144 9
1750164120299 0.9734057907624376 10
1750164128401 0.972088915173166 11
1750164136688 0.9714216571573702 12
1750164145475 0.9712943767415252 13
1750164153919 0.9715171206194667 14
1750164164283 0.9719004108962331 15
1750164172953 0.9722783931324863 16
1750164181550 0.9725133294807019 17
1750164190474 0.9725184373122766 18
1750164199221 0.9722784955021313 19
