1750164038334 10.544676833858889 0
1750164046069 10.722845029894932 1
1750164054456 11.071845408920476 2
1750164062263 11.569507241862363 3
1750164070210 12.251201325049264 4
1750164078142 13.201247749978682 5
1750164087248 14.491757639113342 6
1750164095298 16.114173287045382 7
1750164103258 17.942878500259503 8
1750164111563 19.74993089502721 9
1750164120270 21.275367390050178 10
1750164128371 22.328867861470854 11
1750164136657 22.86267427410271 12
1750164145443 22.964498606781355 13
1750164153887 22.786303504425828 14
1750164164249 22.479671283014376 15
1750164172919 22.17728549401183 16
1750164181515 21.989336415438206 17
1750164190438 21.98525015017791 18
1750164199185 22.177203598297087 19
