1750157965327 0.002788299456936201 1
1750157974658 0.012303407458025415 2
1750157984021 0.03252128514390316 3
1750157993316 0.06651561657124862 4
1750158002810 0.11282739335378979 5
1750158012555 0.1663289715381459 6
1750158022461 0.22058848432307124 7
1750158032732 0.26898851424812326 8
1750158043055 0.30413769615594943 9
1750158053468 0.3188563125114948 10
1750158063955 0.31261688493266193 11
1750158074430 0.29465368176291845 12
1750158084959 0.2761932011547398 13
1750158095834 0.26448323810264807 14
1750158106321 0.26248248650382916 15
1750158116783 0.27001982342530956 16
1750158127165 0.28486005202512954 17
1750158137651 0.3035300545457127 18
1750158148146 0.3219253125397496 19
