1750157956389 0.973810698337763 0
1750157965338 0.9733139011753533 1
1750157974669 0.972374469212463 2
1750157984032 0.9711198819256887 3
1750157993328 0.9695209643580804 4
1750158002823 0.9673767069416963 5
1750158012568 0.9644659870060067 6
1750158022474 0.9607597540123315 7
1750158032746 0.9565491276511481 8
1750158043069 0.9523833801617871 9
1750158053482 0.9488266231188522 10
1750158063970 0.9462059244525826 11
1750158074445 0.9445446279564773 12
1750158084974 0.9436936960815948 13
1750158095849 0.9434765932223973 14
1750158106337 0.943682433170159 15
1750158116798 0.9440053470058312 16
1750158127181 0.9441247089183072 17
1750158137668 0.9438569731075509 18
1750158148163 0.943206865102743 19
