1750157956385 0.9868184598800378 0
1750157965333 0.9870194529491456 1
1750157974663 0.9871817936497836 2
1750157984027 0.9876043699525909 3
1750157993322 0.9877195961149545 4
1750158002817 0.9876007324816912 5
1750158012562 0.9868168169763593 6
1750158022468 0.9852175098795919 7
1750158032739 0.9830747792393018 8
1750158043062 0.9806599752165225 9
1750158053475 0.978259597581572 10
1750158063963 0.9764275358673125 11
1750158074437 0.9754577763933389 12
1750158084967 0.975110334638806 13
1750158095842 0.9751832577369556 14
1750158106329 0.9755648690595387 15
1750158116791 0.975874007975709 16
1750158127173 0.9760411145924819 17
1750158137660 0.9761513484099914 18
1750158148155 0.9759205298157049 19
