1750157956374 0.9868184728397432 0
1750157965317 0.9857453488751349 1
1750157974646 0.9789581175150462 2
1750157984009 0.9605291360083708 3
1750157993305 0.9276622710519633 4
1750158002798 0.8822560283699391 5
1750158012542 0.8295855048842596 6
1750158022447 0.7761060694294428 7
1750158032717 0.7284737729281294 8
1750158043040 0.6941302123654475 9
1750158053453 0.6801519498917535 10
1750158063940 0.6868200604902559 11
1750158074415 0.7048625025663884 12
1750158084944 0.7231502069609281 13
1750158095818 0.7345098348101365 14
1750158106305 0.7360983736072148 15
1750158116767 0.7282334793904188 16
1750158127149 0.713249073123065 17
1750158137634 0.6946365931456691 18
1750158148129 0.6764619987533619 19
