1750157965322 0.988533648332071 1
1750157974652 0.9912615249730716 2
1750157984015 0.9930504211522739 3
1750157993311 0.9941778876232119 4
1750158002804 0.9950834217237289 5
1750158012548 0.9959144764224055 6
1750158022454 0.996694553752514 7
1750158032725 0.9974622871762526 8
1750158043048 0.9982679085213969 9
1750158053460 0.9990082624032484 10
1750158063948 0.9994369454229178 11
1750158074422 0.9995161843293068 12
1750158084951 0.9993434081156679 13
1750158095826 0.9989930729127846 14
1750158106313 0.998580860111044 15
1750158116775 0.9982533028157283 16
1750158127157 0.9981091251481945 17
1750158137643 0.9981666476913817 18
1750158148137 0.9983873112931114 19
