1750157965372 9.173081334343179 1
1750157974710 6.9907800215426965 2
1750157984073 5.559663078180853 3
1750157993369 4.657689901430472 4
1750158002865 3.933262621016897 5
1750158012614 3.2684188620756056 6
1750158022520 2.644356997988772 7
1750158032793 2.0301702589978983 8
1750158043118 1.385673182882474 9
1750158053530 0.7933900774013124 10
1750158064019 0.45044366166573363 11
1750158074494 0.38705253655457733 12
1750158085023 0.5252735074656733 13
1750158095898 0.8055416697723138 14
1750158106387 1.1353119111648267 15
1750158116850 1.397357747417338 16
1750158127231 1.5126998814444013 17
1750158137717 1.4666818468946017 18
1750158148213 1.290150965510861 19
