1750157956370 0.0 0
1750157965312 0.13157894736842105 1
1750157974641 0.2631578947368421 2
1750157984003 0.39473684210526316 3
1750157993299 0.5263157894736842 4
1750158002791 0.6578947368421052 5
1750158012535 0.7894736842105263 6
1750158022440 0.9210526315789473 7
1750158032710 1.0526315789473684 8
1750158043033 1.1842105263157894 9
1750158053446 1.3157894736842104 10
1750158063932 1.4473684210526314 11
1750158074407 1.5789473684210527 12
1750158084936 1.7105263157894737 13
1750158095810 1.8421052631578947 14
1750158106297 1.9736842105263157 15
1750158116758 2.1052631578947367 16
1750158127140 2.236842105263158 17
1750158137626 2.3684210526315788 18
1750158148120 2.5 19
