1750157965377 11.403720894473944 1
1750157974718 16.833489878988935 2
1750157984078 31.576691147648802 3
1750157993375 57.87017671611697 4
1750158002871 94.19517672177874 5
1750158012620 136.33159609166609 6
1750158022525 179.115132313309 7
1750158032798 217.22098165350718 8
1750158043122 244.6958240357485 9
1750158053535 255.87844007602132 10
1750158064024 250.54394726860036 11
1750158074499 236.10999770840874 12
1750158085028 221.47983298324908 13
1750158095903 212.392131991736 14
1750158106392 211.12130062751172 15
1750158116855 217.4132106989798 16
1750158127235 229.40073559161138 17
1750158137722 244.29072510504574 18
1750158148217 258.8304009969742 19
