1750157965383 -8.551266718901332e-06 1
1750157974722 -5.896942806629681e-08 2
1750157984084 -8.775875158302872e-06 3
1750157993380 4.6857416125962224e-07 4
1750158002875 5.822752029017981e-07 5
1750158012624 1.0160941439826986e-05 6
1750158022530 -3.782317175714368e-08 7
1750158032802 5.785638429848353e-06 8
1750158043127 -9.273376579473886e-09 9
1750158053539 4.3817281085117525e-06 10
1750158064028 -1.4811823201535172e-08 11
1750158074503 4.23482490401362e-06 12
1750158085032 -1.4480134134506753e-06 13
1750158095907 1.6015958976478768e-07 14
1750158106397 -4.867214685047283e-07 15
1750158116859 -1.1511084859185109e-07 16
1750158127239 -9.766243742766874e-08 17
1750158137726 -3.784246261754662e-07 18
1750158148221 -6.230482813047398e-06 19
