1750157965343 9.173081334343179 1
1750157974674 6.9907800215426965 2
1750157984038 5.559663078180853 3
1750157993334 4.657689901430472 4
1750158002829 3.933262621016897 5
1750158012574 3.2684188620756056 6
1750158022481 2.644356997988772 7
1750158032753 2.0301702589978983 8
1750158043076 1.385673182882474 9
1750158053489 0.7933900774013124 10
1750158063978 0.45044366166573363 11
1750158074453 0.38705253655457733 12
1750158084982 0.5252735074656733 13
1750158095857 0.8055416697723138 14
1750158106344 1.1353119111648267 15
1750158116806 1.397357747417338 16
1750158127189 1.5126998814444013 17
1750158137676 1.4666818468946017 18
1750158148172 1.290150965510861 19
