1750157956431 1.0 0
1750157965397 0.9994455487692729 1
1750157974734 0.9920200018156013 2
1750157984097 0.966003532311493 3
1750157993392 0.9148776140572134 4
1750158002887 0.8435425576307793 5
1750158012635 0.7650849684775678 6
1750158022540 0.6929651881979146 7
1750158032814 0.6360099046269182 8
1750158043137 0.5983418728023503 9
1750158053550 0.5809849691191822 10
1750158064039 0.5820560767253034 11
1750158074514 0.5960867764191639 12
1750158085043 0.6147564308590168 13
1750158095918 0.6296185070965138 14
1750158106412 0.6351212464042411 15
1750158116870 0.630011911372913 16
1750158127250 0.6167025143074726 17
1750158137738 0.5994998945562043 18
1750158148232 0.5828435511191126 19
