1750157956401 10.545232095969757 0
1750157965353 10.384437640683503 1
1750157974687 10.254565080173077 2
1750157984050 9.916504037927272 3
1750157993346 9.824323108036372 4
1750158002841 9.919414014647039 5
1750158012587 10.546546418912577 6
1750158022494 11.825992096326516 7
1750158032767 13.540176608558577 8
1750158043090 15.472019826782011 9
1750158053504 17.392321934742387 10
1750158063993 18.857971306150045 11
1750158074468 19.63377888532891 12
1750158084997 19.9117322889552 13
1750158095872 19.85339381043554 14
1750158106360 19.548104752369035 15
1750158116822 19.30079361943278 16
1750158127205 19.16710832601449 17
1750158137692 19.078921272006877 18
1750158148188 19.263576147436126 19
