1750157956409 10.545221728205421 0
1750157965362 11.403720894473944 1
1750157974698 16.833489878988935 2
1750157984061 31.576691147648802 3
1750157993357 57.87017671611697 4
1750158002853 94.19517672177874 5
1750158012601 136.33159609166609 6
1750158022508 179.115132313309 7
1750158032781 217.22098165350718 8
1750158043106 244.6958240357485 9
1750158053518 255.87844007602132 10
1750158064008 250.54394726860036 11
1750158074483 236.10999770840874 12
1750158085012 221.47983298324908 13
1750158095888 212.392131991736 14
1750158106376 211.12130062751172 15
1750158116839 217.4132106989798 16
1750158127220 229.40073559161138 17
1750158137707 244.29072510504574 18
1750158148203 258.8304009969742 19
