1750157956422 0.986818472839744 0
1750157965388 0.9865666545238553 1
1750157974727 0.9860903567753899 2
1750157984089 0.9854539209119995 3
1750157993384 0.9846422619927958 4
1750158002879 0.9835527476349232 5
1750158012628 0.9820719207415611 6
1750158022533 0.9801831331193203 7
1750158032806 0.9780328892792868 8
1750158043130 0.9759009215996135 9
1750158053543 0.9740769533635992 10
1750158064032 0.9727308230647768 11
1750158074507 0.9718765261183986 12
1750158085036 0.9714386632448615 13
1750158095911 0.9713269056641385 14
1750158106402 0.9714328087815387 15
1750158116863 0.9715989904687665 16
1750158127243 0.9716604149022824 17
1750158137730 0.9715226356914466 18
1750158148225 0.9711879956044727 19
