1750157956397 10.545221728205421 0
1750157965348 11.403720899892098 1
1750157974680 16.833505987963 2
1750157984044 31.57669119330339 3
1750157993340 57.87018315842934 4
1750158002835 94.1951773040487 5
1750158012581 136.33159609259226 6
1750158022488 179.1151444564457 7
1750158032760 217.22098165749642 8
1750158043083 244.69583010764197 9
1750158053496 255.87844008659712 10
1750158063985 250.54395160779524 11
1750158074460 236.10999794688925 12
1750158084989 221.47983443125744 13
1750158095865 212.39213215189073 14
1750158106352 211.12130111422815 15
1750158116814 217.4132164876649 16
1750158127197 229.400741501548 17
1750158137684 244.2907254834647 18
1750158148180 258.83040099731045 19
