1750157665056 0.0027882994569373336 1
1750157672582 0.012303407458026315 2
1750157680375 0.0325212851439013 3
1750157687995 0.0665156165712472 4
1750157695707 0.11282739335378993 5
1750157703502 0.16632897153814483 6
1750157711704 0.22058848432306982 7
1750157719604 0.2689885142481245 8
1750157727395 0.30413769615594904 9
1750157735203 0.3188563125114965 10
1750157742951 0.31261688493266293 11
1750157751211 0.2946536817629196 12
1750157759186 0.2761932011547403 13
1750157768297 0.26448323810264684 14
1750157776574 0.26248248650382916 15
1750157784782 0.2700198234253097 16
1750157795001 0.2848600520251294 17
1750157803692 0.30353005454571347 18
1750157813201 0.32192531253975015 19
