1750157657497 0.9868184598800378 0
1750157665060 0.9868993779659069 1
1750157672586 0.9871947254692592 2
1750157680380 0.98737637478857 3
1750157688000 0.9875459916334026 4
1750157695711 0.987458067988189 5
1750157703507 0.9866521878056854 6
1750157711709 0.9850205464819801 7
1750157719609 0.9830163778770411 8
1750157727400 0.9806040866529129 9
1750157735208 0.9784732049428974 10
1750157742957 0.9767886669209516 11
1750157751216 0.9756180765740556 12
1750157759192 0.9752687768710305 13
1750157768303 0.9753610038944389 14
1750157776580 0.9756090377082417 15
1750157784788 0.9759145940187397 16
1750157795007 0.9761220165974495 17
1750157803698 0.9760608150237422 18
1750157813208 0.9759258809551042 19
