1750157665052 0.9885336483320702 1
1750157672577 0.9912615249730715 2
1750157680371 0.9930504211522729 3
1750157687990 0.9941778876232129 4
1750157695702 0.9950834217237292 5
1750157703497 0.9959144764224046 6
1750157711699 0.9966945537525136 7
1750157719599 0.9974622871762515 8
1750157727390 0.998267908521395 9
1750157735197 0.9990082624032499 10
1750157742946 0.9994369454229182 11
1750157751205 0.9995161843293068 12
1750157759180 0.9993434081156694 13
1750157768292 0.9989930729127863 14
1750157776568 0.9985808601110449 15
1750157784775 0.9982533028157292 16
1750157794995 0.9981091251481939 17
1750157803686 0.9981666476913829 18
1750157813194 0.9983873112931096 19
