1750157657500 0.973810698337763 0
1750157665063 0.9733138914214754 1
1750157672590 0.9723744523566529 2
1750157680385 0.971119871390944 3
1750157688004 0.9695209313650359 4
1750157695716 0.9673766868856775 5
1750157703512 0.9644659885343053 6
1750157711714 0.9607597241961694 7
1750157719614 0.9565490821464264 8
1750157727406 0.952383338375933 9
1750157735213 0.9488265790747464 10
1750157742962 0.9462059066824964 11
1750157751221 0.9445446078701406 12
1750157759197 0.9436937359021444 13
1750157768309 0.9434766539208816 14
1750157776586 0.9436823990549782 15
1750157784795 0.9440052751502194 16
1750157795014 0.9441246500435644 17
1750157803705 0.9438569204002398 18
1750157813215 0.9432068447796275 19
