1750157657487 0.9868184728397432 0
1750157665049 0.9857453488751329 1
1750157672573 0.9789581175150452 2
1750157680366 0.9605291360083716 3
1750157687986 0.9276622710519657 4
1750157695697 0.8822560283699393 5
1750157703492 0.8295855048842598 6
1750157711694 0.7761060694294438 7
1750157719594 0.7284737729281271 8
1750157727385 0.694130212365446 9
1750157735192 0.6801519498917534 10
1750157742941 0.6868200604902552 11
1750157751200 0.7048625025663872 12
1750157759175 0.7231502069609291 13
1750157768286 0.7345098348101394 14
1750157776562 0.7360983736072156 15
1750157784769 0.7282334793904195 16
1750157794988 0.7132490731230646 17
1750157803679 0.6946365931456694 18
1750157813187 0.6764619987533594 19
