1750157665092 9.1730813343438 1
1750157672621 6.990780021542785 2
1750157680416 5.559663078181653 3
1750157688037 4.657689901429673 4
1750157695749 3.9332626210166306 5
1750157703547 3.268418862076316 6
1750157711749 2.6443569979891275 7
1750157719649 2.0301702589987864 8
1750157727441 1.385673182883984 9
1750157735250 0.793390077400069 10
1750157742999 0.4504436616654672 11
1750157751259 0.38705253655457733 12
1750157759236 0.5252735074645186 13
1750157768348 0.8055416697709815 14
1750157776626 1.1353119111641161 15
1750157784843 1.3973577474166274 16
1750157795058 1.5126998814448454 17
1750157803750 1.4666818468937135 18
1750157813269 1.290150965512282 19
