1750157657484 0.0 0
1750157665045 0.13157894736842105 1
1750157672568 0.2631578947368421 2
1750157680361 0.39473684210526316 3
1750157687981 0.5263157894736842 4
1750157695692 0.6578947368421052 5
1750157703487 0.7894736842105263 6
1750157711689 0.9210526315789473 7
1750157719589 1.0526315789473684 8
1750157727380 1.1842105263157894 9
1750157735186 1.3157894736842104 10
1750157742935 1.4473684210526314 11
1750157751194 1.5789473684210527 12
1750157759169 1.7105263157894737 13
1750157768280 1.8421052631578947 14
1750157776556 1.9736842105263157 15
1750157784762 2.1052631578947367 16
1750157794980 2.236842105263158 17
1750157803673 2.3684210526315788 18
1750157813179 2.5 19
