1750157665096 11.4037208757904 1
1750157672628 16.8334867338622 2
1750157680421 31.576691088394956 3
1750157688041 57.870182627469624 4
1750157695754 94.19517682201793 5
1750157703552 136.33159525348518 6
1750157711754 179.11513505033852 7
1750157719654 217.22098161167878 8
1750157727446 244.69582581365114 9
1750157735256 255.878439939818 10
1750157743005 250.54394547096936 11
1750157751264 236.1099979080185 12
1750157759241 221.47982859619518 13
1750157768354 212.3921319096327 14
1750157776632 211.1213010144376 15
1750157784848 217.41321559948213 16
1750157795064 229.40073559237246 17
1750157803755 244.2907211931216 18
1750157813274 258.8303947668124 19
