1750157665067 9.1730813343438 1
1750157672595 6.990780021542785 2
1750157680389 5.559663078181653 3
1750157688009 4.657689901429673 4
1750157695721 3.9332626210166306 5
1750157703517 3.268418862076316 6
1750157711719 2.6443569979891275 7
1750157719619 2.0301702589987864 8
1750157727411 1.385673182883984 9
1750157735219 0.793390077400069 10
1750157742967 0.4504436616654672 11
1750157751226 0.38705253655457733 12
1750157759203 0.5252735074645186 13
1750157768314 0.8055416697709815 14
1750157776591 1.1353119111641161 15
1750157784802 1.3973577474166274 16
1750157795020 1.5126998814448454 17
1750157803711 1.4666818468937135 18
1750157813222 1.290150965512282 19
