1750157657536 1.0 0
1750157665112 0.9994455487692727 1
1750157672646 0.9920200018156013 2
1750157680439 0.9660035323114932 3
1750157688060 0.9148776140572135 4
1750157695773 0.8435425576307793 5
1750157703571 0.7650849684775681 6
1750157711773 0.6929651881979146 7
1750157719673 0.6360099046269181 8
1750157727465 0.5983418728023502 9
1750157735274 0.5809849691191822 10
1750157743022 0.5820560767253036 11
1750157751282 0.5960867764191636 12
1750157759259 0.6147564308590169 13
1750157768371 0.629618507096514 14
1750157776649 0.6351212464042412 15
1750157784865 0.6300119113729131 16
1750157795079 0.6167025143074727 17
1750157803771 0.5994998945562043 18
1750157813290 0.5828435511191126 19
