1750157657510 10.545232095969757 0
1750157665075 10.480497627274513 1
1750157672604 10.244219624592569 2
1750157680398 10.098900169144025 3
1750157688018 9.963206693277893 4
1750157695730 10.033545609448781 5
1750157703526 10.678249755451644 6
1750157711729 11.983562814415873 7
1750157719629 13.586897698367155 8
1750157727421 15.516730677669708 9
1750157735229 17.221436045682086 10
1750157742978 18.569066463238734 11
1750157751237 19.505538740755522 12
1750157759214 19.78497850317554 13
1750157768325 19.71119688444889 14
1750157776603 19.512769833406654 15
1750157784816 19.268324785008264 16
1750157795033 19.1023867220404 17
1750157803725 19.15134798100625 18
1750157813237 19.259295235916646 19
