1750157657517 10.545221728205421 0
1750157665084 11.4037208757904 1
1750157672612 16.8334867338622 2
1750157680407 31.576691088394956 3
1750157688027 57.870182627469624 4
1750157695740 94.19517682201793 5
1750157703537 136.33159525348518 6
1750157711739 179.11513505033852 7
1750157719639 217.22098161167878 8
1750157727431 244.69582581365114 9
1750157735240 255.878439939818 10
1750157742989 250.54394547096936 11
1750157751248 236.1099979080185 12
1750157759225 221.47982859619518 13
1750157768337 212.3921319096327 14
1750157776615 211.1213010144376 15
1750157784829 217.41321559948213 16
1750157795045 229.40073559237246 17
1750157803737 244.2907211931216 18
1750157813259 258.8303947668124 19
