1750157665088 -8.551298972589202e-06 1
1750157672617 1.116029915370892e-07 2
1750157680412 1.241123709638247e-05 3
1750157688032 9.10217907833605e-06 4
1750157695744 -6.77310991447895e-06 5
1750157703542 -8.391132369091971e-07 6
1750157711744 -4.750761774718356e-08 7
1750157719644 1.0021122102097021e-05 8
1750157727436 6.686684143022809e-08 9
1750157735245 1.4678550871324043e-07 10
1750157742994 6.189082483726985e-08 11
1750157751253 3.8876671610374214e-08 12
1750157759230 2.8242443634058375e-07 13
1750157768342 -2.422620676598254e-07 14
1750157776621 -5.726578312922769e-06 15
1750157784836 8.881886334329565e-07 16
1750157795052 2.325544178918135e-08 17
1750157803744 4.163107432033685e-09 18
1750157813265 1.660942026883878e-08 19
