1750157657528 0.9868184728397439 0
1750157665104 0.9865666545238556 1
1750157672637 0.9860903567753915 2
1750157680430 0.985453920911998 3
1750157688051 0.9846422619927963 4
1750157695764 0.9835527476349218 5
1750157703562 0.9820719207415619 6
1750157711764 0.9801831331193207 7
1750157719664 0.9780328892792848 8
1750157727456 0.9759009215996138 9
1750157735266 0.9740769533635985 10
1750157743015 0.9727308230647763 11
1750157751275 0.9718765261183989 12
1750157759251 0.9714386632448625 13
1750157768364 0.9713269056641377 14
1750157776641 0.9714328087815384 15
1750157784857 0.9715989904687662 16
1750157795072 0.9716604149022795 17
1750157803764 0.9715226356914461 18
1750157813282 0.9711879956044706 19
