1750157657507 10.545221728205421 0
1750157665071 11.403720899893697 1
1750157672599 16.8335059879638 2
1750157680394 31.57669119330268 3
1750157688013 57.87018315842739 4
1750157695725 94.19517730404851 5
1750157703522 136.33159609259218 6
1750157711724 179.1151444564449 7
1750157719624 217.22098165749827 8
1750157727416 244.69583010764313 9
1750157735224 255.8784400865972 10
1750157742973 250.54395160779578 11
1750157751232 236.10999794689022 12
1750157759208 221.47983443125665 13
1750157768320 212.3921321518884 14
1750157776597 211.12130111422744 15
1750157784809 217.41321648766436 16
1750157795026 229.40074150154825 17
1750157803719 244.29072548346443 18
1750157813230 258.8304009973124 19
