1750163164244 0.0 0
1750163172757 0.0023836675070362575 1
1750163180519 0.010295960925769228 2
1750163188340 0.02675111147555322 3
1750163196067 0.054936183774318886 4
1750163203999 0.09498887790354803 5
1750163212100 0.14354275197113328 6
1750163219922 0.19486374320760064 7
1750163227847 0.2420298855654206 8
1750163235780 0.27785415211237796 9
1750163243654 0.2966892930724542 10
1750163251651 0.29795493633737874 11
1750163259923 0.28749705495957595 12
1750163269228 0.2736107941131548 13
1750163277467 0.26288191726129423 14
1750163286412 0.25897678997819357 15
1750163295524 0.2628482998564782 16
1750163303894 0.27322105123338164 17
1750163312302 0.2871741373613999 18
1750163320628 0.3008864960103957 19
