1750163164247 0.9868191544892304 0
1750163172761 0.9869958142285713 1
1750163180523 0.9871991240119922 2
1750163188344 0.9876830559164453 3
1750163196071 0.988099968923823 4
1750163204004 0.9876588853576396 5
1750163212105 0.9867960212904414 6
1750163219927 0.9852353558564019 7
1750163227852 0.982863015928194 8
1750163235784 0.9803328151653333 9
1750163243659 0.9777060967493413 10
1750163251656 0.9758644799013853 11
1750163259928 0.9749149535001703 12
1750163269233 0.9747617085867298 13
1750163277472 0.9750358805776486 14
1750163286417 0.9755542027673634 15
1750163295530 0.9762181033036633 16
1750163303899 0.9764569893662751 17
1750163312307 0.9766357237147111 18
1750163320633 0.9766602460494973 19
