1750163164250 0.9738120411182153 0
1750163172765 0.9733765724831154 1
1750163180528 0.9725439945118232 2
1750163188349 0.9713932773543396 3
1750163196076 0.9698435181872511 4
1750163204008 0.9676641527050616 5
1750163212109 0.9646308262742029 6
1750163219932 0.9607191555982916 7
1750163227857 0.9562239352140389 8
1750163235789 0.9517162001405198 9
1750163243664 0.9478327727723286 10
1750163251661 0.9450184312742398 11
1750163259937 0.9433886863751055 12
1750163269240 0.9427803193879216 13
1750163277477 0.942910097134327 14
1750163286423 0.9434841164891373 15
1750163295535 0.9441980322184069 16
1750163303905 0.9447330926622972 17
1750163312313 0.9448325140795677 18
1750163320639 0.9443894959398059 19
