1750163164237 0.9868191531978974 0
1750163172749 0.9859901753871134 1
1750163180511 0.9807941492243961 2
1750163188331 0.9662866550715398 3
1750163196058 0.9392891407147113 4
1750163203991 0.9000782441675608 5
1750163212091 0.8522531874702377 6
1750163219913 0.801646787188205 7
1750163227837 0.7552239438385027 8
1750163235770 0.7201639795575315 9
1750163243644 0.7020103868828292 10
1750163251641 0.7011875274798467 11
1750163259913 0.7118064674648855 12
1750163269217 0.7256376131176209 13
1750163277456 0.7361693293123319 14
1750163286399 0.7398176049881275 15
1750163295513 0.7357303030522663 16
1750163303882 0.7252682721847395 17
1750163312290 0.7113833412910007 18
1750163320616 0.6978642320868763 19
