1750163164241 0.9868191531978974 0
1750163172753 0.9883738428941496 1
1750163180515 0.9910901101501653 2
1750163188336 0.993037766547093 3
1750163196063 0.9942253244890301 4
1750163203995 0.9950671220711088 5
1750163212096 0.995795939441371 6
1750163219918 0.9965105303958057 7
1750163227842 0.9972538294039233 8
1750163235775 0.9980181316699095 9
1750163243649 0.9986996799552834 10
1750163251646 0.9991424638172255 11
1750163259918 0.9993035224244615 12
1750163269222 0.9992484072307757 13
1750163277462 0.9990512465736261 14
1750163286405 0.9987943949663212 15
1750163295519 0.9985786029087445 16
1750163303888 0.9984893234181211 17
1750163312296 0.9985574786524005 18
1750163320622 0.9987507280972721 19
