1750163164277 10.544677441682103 0
1750163172788 9.300925684680282 1
1750163180553 7.12791187986772 2
1750163188375 5.569786762325623 3
1750163196101 4.619740408775907 4
1750163204035 3.9463023431129503 5
1750163212136 3.3632484469031882 6
1750163219960 2.791575683355418 7
1750163227885 2.196936476861388 8
1750163235817 1.5854946640724064 9
1750163243693 1.040256035773268 10
1750163251690 0.6860289462196077 11
1750163259969 0.557182060430783 12
1750163269274 0.6012742153794547 13
1750163277509 0.7590027410991239 14
1750163286456 0.9644840269430687 15
1750163295568 1.1371176730044394 16
1750163303939 1.2085412655030934 17
1750163312347 1.154017078079583 18
1750163320675 0.9994175221823552 19
