1750163164234 0.0 0
1750163172745 0.13157894736842105 1
1750163180506 0.2631578947368421 2
1750163188327 0.39473684210526316 3
1750163196054 0.5263157894736842 4
1750163203986 0.6578947368421052 5
1750163212087 0.7894736842105263 6
1750163219908 0.9210526315789473 7
1750163227832 1.0526315789473684 8
1750163235765 1.1842105263157894 9
1750163243639 1.3157894736842104 10
1750163251636 1.4473684210526314 11
1750163259908 1.5789473684210527 12
1750163269212 1.7105263157894737 13
1750163277450 1.8421052631578947 14
1750163286393 1.9736842105263157 15
1750163295507 2.1052631578947367 16
1750163303876 2.236842105263158 17
1750163312284 2.3684210526315788 18
1750163320609 2.5 19
