1750163164257 10.544677441682103 0
1750163172769 9.300925684680282 1
1750163180532 7.12791187986772 2
1750163188353 5.569786762325623 3
1750163196080 4.619740408775907 4
1750163204013 3.9463023431129503 5
1750163212114 3.3632484469031882 6
1750163219936 2.791575683355418 7
1750163227862 2.196936476861388 8
1750163235794 1.5854946640724064 9
1750163243669 1.040256035773268 10
1750163251666 0.6860289462196077 11
1750163259942 0.557182060430783 12
1750163269246 0.6012742153794547 13
1750163277483 0.7590027410991239 14
1750163286428 0.9644840269430687 15
1750163295541 1.1371176730044394 16
1750163303911 1.2085412655030934 17
1750163312319 1.154017078079583 18
1750163320645 0.9994175221823552 19
