1750163164293 1.0 0
1750163172804 0.9995887031110515 1
1750163180572 0.9939833355381723 2
1750163188392 0.9736893659764763 3
1750163196119 0.9318379725145158 4
1750163204054 0.869766571400671 5
1750163212154 0.7967228670133504 6
1750163219979 0.7251278854489976 7
1750163227905 0.6655126161247816 8
1750163235836 0.6239373150287153 9
1750163243713 0.6018803286489901 10
1750163251709 0.5971417447836875 11
1750163259990 0.6047922537794264 12
1750163269295 0.618226545121725 13
1750163277530 0.630663726078489 14
1750163286478 0.6369230005164708 15
1750163295589 0.6347702463634466 16
1750163303960 0.6251880168156502 17
1750163312368 0.6114958318233495 18
1750163320695 0.5978347781287469 19
