1750163164265 10.54467640861567 0
1750163172776 10.403348617142974 1
1750163180540 10.240700790406274 2
1750163188362 9.853555266843765 3
1750163196089 9.52002486094158 4
1750163204022 9.872891713888361 5
1750163212122 10.563182967646842 6
1750163219946 11.811715314878501 7
1750163227871 13.709587257444781 8
1750163235803 15.733747867733337 9
1750163243679 17.835122600526987 10
1750163251675 19.308416078891813 11
1750163259953 20.06803719986376 12
1750163269257 20.190633130616128 13
1750163277493 19.971295537881108 14
1750163286439 19.556637786109313 15
1750163295552 19.02551735706932 16
1750163303922 18.834408506979873 17
1750163312330 18.69142102823109 18
1750163320657 18.671803160402128 19
