1750163164273 10.544677441682103 0
1750163172784 11.207859010036712 1
1750163180549 15.364680582404942 2
1750163188370 26.970675797167317 3
1750163196097 48.568687100415616 4
1750163204031 79.93740456427031 5
1750163212131 118.1974498906255 6
1750163219955 158.68256281389657 7
1750163227881 195.8208448811346 8
1750163235813 223.86881050157626 9
1750163243688 238.39168990635469 10
1750163251685 239.04997376003212 11
1750163259964 230.55482010690258 12
1750163269268 219.48990945426502 13
1750163277504 211.06453574594642 14
1750163286450 208.14591525157212 15
1750163295562 211.41575182960747 16
1750163303934 219.78538213409774 17
1750163312342 230.89332652742854 18
1750163320669 241.70861429892676 19
