1750163164285 0.9868191531978978 0
1750163172796 0.9865984214008283 1
1750163180562 0.9861763084994493 2
1750163188384 0.9855926378789333 3
1750163196110 0.9848060325268622 4
1750163204045 0.9836988773017813 5
1750163212145 0.9821558267427939 6
1750163219969 0.9801624308133953 7
1750163227895 0.977866656860169 8
1750163235827 0.9755590696893338 9
1750163243703 0.9735666650669307 10
1750163251700 0.9721202498312296 11
1750163259980 0.971281645746083 12
1750163269285 0.9709684247784549 13
1750163277519 0.9710352289365429 14
1750163286467 0.971330758213886 15
1750163295578 0.9716981541815544 16
1750163303951 0.9719734376785237 17
1750163312359 0.9720245813032722 18
1750163320686 0.9717966616030735 19
