1750163164260 10.544677441682103 0
1750163172772 11.207859690309261 1
1750163180536 15.364680620483103 2
1750163188357 26.97067594276818 3
1750163196084 48.56868742823099 4
1750163204017 79.93740466595136 5
1750163212118 118.19745002380981 6
1750163219941 158.68257024943594 7
1750163227866 195.82084492919782 8
1750163235799 223.86881635397472 9
1750163243674 238.39169049373655 10
1750163251670 239.0499780161226 11
1750163259947 230.55482602809155 12
1750163269251 219.48990950590326 13
1750163277488 211.06453655013442 14
1750163286434 208.14591600949794 15
1750163295546 211.41575755818693 16
1750163303916 219.7853822522083 17
1750163312325 230.8933269671994 18
1750163320651 241.7086143304989 19
